1000,1212392321,1,0,0
1000,2012085213,2,0,0
1000,462719416,3,0,0
1000,572647632,4,0,0
1000,566309127,5,0,0
1000,1951929911,6,0,0
1000,565385663,7,0,0
1000,1186875899,8,0,0
1000,1203283254,9,0,0
1000,1159170367,10,0,0
1000,234054644,11,0,0
1000,1472395921,12,0,0
1000,2067243860,13,0,0
1000,1951929912,14,0,0
1000,475461900,15,0,0
1000,1083454929,16,0,0
1000,2133650535,17,0,0
1000,565385641,18,0,0
1000,2134574057,19,0,0
1000,1934472824,20,0,0
1000,1379423350,21,0,0
1000,444551857,22,0,0
1000,1226500752,23,0,0
1000,1212392322,24,0,0
1000,1363560229,25,0,0
1000,1186875900,26,0,0
1000,273805417,27,0,0
1000,2136420973,28,0,0
1000,1150984790,29,0,0
1000,2029634891,30,0,0
1000,2068167354,31,0,0
1000,1948235888,32,0,0
1000,1203283255,33,0,0
1000,1187799416,34,0,0
1000,1952853434,35,0,0
1000,234054645,36,0,0
1000,564462118,37,0,0
1000,1211468738,38,0,0
1000,271958403,39,0,0
1000,417748514,40,0,0
1000,1204206777,41,0,0
1000,1364483750,42,0,0
1000,1210545343,43,1,1
1001,272881928,1,0,0
1001,2030558409,2,0,0
1001,1204206777,3,0,0
1001,1365407270,4,0,0
1001,1953776950,5,0,0
1001,1152831830,6,0,0
1001,418672033,7,0,0
1001,1974094415,8,0,0
1001,1454267953,9,0,0
1001,475461901,10,0,0
1001,1233633241,11,0,0
1001,1185952382,12,0,0
1001,277499442,13,0,0
1001,1255850499,14,0,0
1001,1151908308,15,0,0
1001,1951006392,16,0,0
1001,1472395922,17,0,0
1001,1329553250,18,0,0
1001,1380346873,19,0,0
1001,1560785173,20,0,0
1001,1980487542,21,0,0
1001,2086072098,22,0,0
1001,1934472823,23,0,0
1001,1083454907,24,0,0
1001,1952853433,25,0,0
1001,273805418,26,0,0
1001,2134574058,27,0,0
1001,2133650536,28,0,0
1001,2068167353,29,0,0
1001,1150984789,30,0,0
1001,1379423349,31,0,0
1001,2029634892,32,0,0
1001,2030558410,33,0,0
1001,1210545342,34,0,0
1001,2136420974,35,0,0
1001,1204206776,36,0,0
1001,1948235887,37,0,0
1001,1428529878,38,0,0
1001,2012085213,39,0,0
1001,462719416,40,0,0
1001,1212392321,41,1,1
75000,1212392321,1,0,0
75000,1204206777,2,0,0
75000,1364483750,3,0,0
75000,999241031,4,0,0
75000,494058562,5,1,1
75001,494058562,1,0,0
75001,1774772187,2,0,0
75001,1159170389,3,0,0
75001,1204206777,4,0,0
75001,1212392321,5,1,1
75100,494058562,1,0,0
75100,1774772187,2,0,0
75100,1951006393,3,0,0
75100,1159170389,4,0,0
75100,1204206777,5,0,0
75100,1212392321,6,1,1
75101,1212392321,1,0,0
75101,1204206777,2,0,0
75101,1364483750,3,0,0
75101,1951006393,4,0,0
75101,999241031,5,0,0
75101,494058562,6,1,1
75200,1212392321,1,0,0
75200,1204206777,2,0,0
75200,1364483750,3,0,0
75200,542253420,4,0,0
75200,494058562,5,1,1
75201,494058562,1,0,0
75201,818192422,2,0,0
75201,1159170389,3,0,0
75201,1204206777,4,0,0
75201,1212392321,5,1,1
75300,494058562,1,0,0
75300,1483821791,2,0,0
75300,1159170389,3,0,0
75300,1204206777,4,0,0
75300,1212392321,5,1,1
75301,1212392321,1,0,0
75301,1204206777,2,0,0
75301,1364483750,3,0,0
75301,1483821791,4,0,0
75301,494058562,5,1,1
