1000,'cal1-mon-tue-wed-thu-fri-9',522,,1,40,,,0,35,,2,40,,,0,55,,13,40,,,0,100,,24,40,,,0,30,,30,40,,,0,60,,31,40,,,0,55,,32,40,,,0,85,,33,40,,,0,80,,34,40,,,0,30,,35,40,,,0,70,,3,40,,,0,30,,4,40,,,0,60,,5,40,,,0,15,,6,40,,,0,90,,7,40,,,0,25,,8,40,,,0,70,,9,40,,,0,15,,10,40,,,0,80,,11,40,,,0,20,,12,40,,,0,15,,14,40,,,0,70,,15,40,,,0,25,,16,40,,,0,70,,17,40,,,0,50,,18,40,,,0,80,,19,40,,,0,15,,20,40,,,0,75,,21,40,,,0,20,,22,40,,,0,65,,23,40,,,0,100,,25,40,,,0,10,,26,40,,,0,35,,27,40,,,0,95,,28,40,,,0,90,,29,40,,,0
1000,'cal2-sat-sun-10',712,,36,40,,,0,30,,37,40,,,0,75,,48,40,,,0,40,,57,40,,,0,80,,58,40,,,0,70,,59,40,,,0,35,,60,40,,,0,85,,61,40,,,0,75,,62,40,,,0,30,,63,40,,,0,75,,38,40,,,0,45,,39,40,,,0,75,,40,40,,,0,80,,41,40,,,0,35,,42,40,,,0,65,,43,40,,,0,25,,44,40,,,0,100,,45,40,,,0,70,,46,40,,,0,20,,47,40,,,0,35,,49,40,,,0,80,,50,40,,,0,20,,51,40,,,0,100,,52,40,,,0,65,,53,40,,,0,100,,54,40,,,0,85,,55,40,,,0,40,,56,40,,,0
1001,'cal1-mon-tue-wed-thu-fri-9',532,,64,2,,,0,75,,65,2,,,0,15,,76,2,,,0,115,,87,2,,,0,20,,93,2,,,0,65,,94,2,,,0,85,,95,2,,,0,95,,96,2,,,0,30,,97,2,,,0,70,,98,2,,,0,30,,66,2,,,0,70,,67,2,,,0,20,,68,2,,,0,15,,69,2,,,0,90,,70,2,,,0,25,,71,2,,,0,70,,72,2,,,0,15,,73,2,,,0,80,,74,2,,,0,25,,75,2,,,0,15,,77,2,,,0,75,,78,2,,,0,20,,79,2,,,0,75,,80,2,,,0,90,,81,2,,,0,35,,82,2,,,0,50,,83,2,,,0,35,,84,2,,,0,65,,85,2,,,0,50,,86,2,,,0,70,,88,2,,,0,10,,89,2,,,0,90,,90,2,,,0,90,,91,2,,,0,95,,92,2,,,0
1001,'cal2-sat-sun-10',722,,99,2,,,0,30,,100,2,,,0,75,,111,2,,,0,85,,120,2,,,0,35,,121,2,,,0,70,,122,2,,,0,35,,123,2,,,0,85,,124,2,,,0,75,,125,2,,,0,30,,126,2,,,0,75,,101,2,,,0,85,,102,2,,,0,35,,103,2,,,0,80,,104,2,,,0,35,,105,2,,,0,85,,106,2,,,0,70,,107,2,,,0,35,,108,2,,,0,70,,109,2,,,0,20,,110,2,,,0,100,,112,2,,,0,15,,113,2,,,0,60,,114,2,,,0,100,,115,2,,,0,50,,116,2,,,0,75,,117,2,,,0,90,,118,2,,,0,110,,119,2,,,0
75000,'cal1-mon-tue-wed-thu-fri-9',429,,127,1,,,0,100,,128,1,,,0,15,,139,1,,,0,60,,146,1,,,0,40,,147,1,,,0,165,,148,1,,,0,100,,149,1,,,0,40,,150,1,,,0,80,,151,1,,,0,100,,152,1,,,0,90,,129,1,,,0,130,,130,1,,,0,85,,131,1,,,0,10,,132,1,,,0,70,,133,1,,,0,20,,134,1,,,0,15,,135,1,,,0,70,,136,1,,,0,20,,137,1,,,0,20,,138,1,,,0,145,,140,1,,,0,130,,141,1,,,0,185,,142,1,,,0,85,,143,1,,,0,50,,144,1,,,0,95,,145,1,,,0
75000,'cal2-sat-sun-10',559,,153,1,,,0,160,,154,1,,,0,105,,161,1,,,0,120,,162,1,,,0,105,,163,1,,,0,160,,164,1,,,0,105,,165,1,,,0,120,,166,1,,,0,80,,167,1,,,0,125,,168,1,,,0,100,,155,1,,,0,165,,156,1,,,0,100,,157,1,,,0,125,,158,1,,,0,100,,159,1,,,0,125,,160,1,,,0
75001,'cal1-mon-tue-wed-thu-fri-9',619,,169,3,,,0,115,,170,3,,,0,20,,181,3,,,0,65,,190,3,,,0,15,,191,3,,,0,25,,192,3,,,0,60,,193,3,,,0,40,,194,3,,,0,100,,195,3,,,0,90,,196,3,,,0,170,,171,3,,,0,90,,172,3,,,0,25,,173,3,,,0,105,,174,3,,,0,105,,175,3,,,0,65,,176,3,,,0,15,,177,3,,,0,90,,178,3,,,0,45,,179,3,,,0,60,,180,3,,,0,35,,182,3,,,0,95,,183,3,,,0,75,,184,3,,,0,95,,185,3,,,0,90,,186,3,,,0,95,,187,3,,,0,45,,188,3,,,0,90,,189,3,,,0
75001,'cal2-sat-sun-10',749,,197,3,,,0,160,,198,3,,,0,105,,205,3,,,0,120,,206,3,,,0,105,,207,3,,,0,120,,208,3,,,0,145,,209,3,,,0,130,,210,3,,,0,70,,211,3,,,0,125,,212,3,,,0,100,,199,3,,,0,125,,200,3,,,0,100,,201,3,,,0,165,,202,3,,,0,110,,203,3,,,0,115,,204,3,,,0
75100,'cal1-mon-tue-wed-thu-fri-9',1800,,213,4,,,0,50,,214,4,,,0
75101,'cal1-mon-tue-wed-thu-fri-9',619,,215,1,,,0,40,,216,1,,,0
75200,'cal1-mon-tue-wed-thu-fri-9',719,,217,1,,,0
75201,'cal1-mon-tue-wed-thu-fri-9',1630,,218,3,,,0
75300,'cal1-mon-tue-wed-thu-fri-9',732,,219,3,,,0,500,,220,3,,,0
75301,'cal1-mon-tue-wed-thu-fri-9',1229,,221,1,,,0,485,,222,1,,,0,130,,223,1,,,0,170,,224,1,,,0
