75000,'cal1-mon-tue-wed-thu-fri-9',522,,127,4,4,,0,100,,128,4,4,,0,15,,139,4,4,,0,20,,146,4,4,,0,80,,147,4,4,,0,165,,148,4,4,,0,100,,149,4,4,,0,40,,150,4,4,,0,80,,151,4,4,,0,100,,152,4,4,,0,90,,129,4,4,,0,130,,130,4,4,,0,85,,131,4,4,,0,10,,132,4,4,,0,70,,133,4,4,,0,20,,134,4,4,,0,15,,135,4,4,,0,70,,136,4,4,,0,20,,137,4,4,,0,20,,138,4,4,,0,105,,140,4,4,,0,170,,141,4,4,,0,185,,142,4,4,,0,45,,143,4,4,,0,90,,144,4,4,,0,95,,145,4,4,,0
75000,'cal2-sat-sun-10',652,,153,4,4,,0,160,,154,4,4,,0,105,,161,4,4,,0,120,,162,4,4,,0,105,,163,4,4,,0,160,,164,4,4,,0,105,,165,4,4,,0,120,,166,4,4,,0,80,,167,4,4,,0,125,,168,4,4,,0,100,,155,4,4,,0,125,,156,4,4,,0,100,,157,4,4,,0,165,,158,4,4,,0,100,,159,4,4,,0,125,,160,4,4,,0
75001,'cal1-mon-tue-wed-thu-fri-9',530,,169,0,,,0,115,,170,0,,,0,60,,181,0,,,0,25,,190,0,,,0,15,,191,0,,,0,65,,192,0,,,0,20,,193,0,,,0,80,,194,0,,,0,100,,195,0,,,0,90,,196,0,,,0,130,,171,0,,,0,90,,172,0,,,0,25,,173,0,,,0,105,,174,0,,,0,105,,175,0,,,0,65,,176,0,,,0,15,,177,0,,,0,85,,178,0,,,0,90,,179,0,,,0,20,,180,0,,,0,75,,182,0,,,0,95,,183,0,,,0,35,,184,0,,,0,95,,185,0,,,0,90,,186,0,,,0,95,,187,0,,,0,85,,188,0,,,0,50,,189,0,,,0
75001,'cal2-sat-sun-10',700,,197,0,,,0,120,,198,0,,,0,105,,205,0,,,0,120,,206,0,,,0,105,,207,0,,,0,160,,208,0,,,0,105,,209,0,,,0,130,,210,0,,,0,70,,211,0,,,0,125,,212,0,,,0,100,,199,0,,,0,165,,200,0,,,0,100,,201,0,,,0,125,,202,0,,,0,110,,203,0,,,0,115,,204,0,,,0
75100,'cal1-mon-tue-wed-thu-fri-9',1650,,213,0,,,0,100,,214,0,,,0
75101,'cal1-mon-tue-wed-thu-fri-9',723,,215,5,4,,0,80,,216,5,4,,0
75200,'cal1-mon-tue-wed-thu-fri-9',822,,217,4,4,,0
75201,'cal1-mon-tue-wed-thu-fri-9',1535,,218,0,,,0
75300,'cal1-mon-tue-wed-thu-fri-9',630,,219,0,,,0,500,,220,0,,,0
75301,'cal1-mon-tue-wed-thu-fri-9',1336,,221,4,4,,0,485,,222,4,4,,0,130,,223,4,4,,0,170,,224,4,4,,0
