1000,'cal1-mon-tue-wed-thu-fri-9',445,,1,0,,,0,75,,2,0,,,0,15,,13,0,,,0,100,,24,0,,,0,70,,30,0,,,0,20,,31,0,,,0,95,,32,0,,,0,85,,33,0,,,0,40,,34,0,,,0,70,,35,0,,,0,30,,3,0,,,0,70,,4,0,,,0,20,,5,0,,,0,15,,6,0,,,0,90,,7,0,,,0,65,,8,0,,,0,30,,9,0,,,0,15,,10,0,,,0,80,,11,0,,,0,20,,12,0,,,0,55,,14,0,,,0,30,,15,0,,,0,65,,16,0,,,0,30,,17,0,,,0,90,,18,0,,,0,80,,19,0,,,0,15,,20,0,,,0,35,,21,0,,,0,60,,22,0,,,0,25,,23,0,,,0,100,,25,0,,,0,10,,26,0,,,0,75,,27,0,,,0,95,,28,0,,,0,90,,29,0,,,0
1000,'cal2-sat-sun-10',635,,36,0,,,0,70,,37,0,,,0,35,,48,0,,,0,80,,57,0,,,0,80,,58,0,,,0,30,,59,0,,,0,75,,60,0,,,0,45,,61,0,,,0,75,,62,0,,,0,30,,63,0,,,0,75,,38,0,,,0,85,,39,0,,,0,35,,40,0,,,0,80,,41,0,,,0,75,,42,0,,,0,25,,43,0,,,0,25,,44,0,,,0,100,,45,0,,,0,70,,46,0,,,0,20,,47,0,,,0,75,,49,0,,,0,80,,50,0,,,0,20,,51,0,,,0,100,,52,0,,,0,25,,53,0,,,0,100,,54,0,,,0,85,,55,0,,,0,80,,56,0,,,0
1001,'cal1-mon-tue-wed-thu-fri-9',611,,64,40,4,,0,35,,65,40,4,,0,55,,76,40,4,,0,115,,87,40,4,,0,20,,93,40,4,,0,65,,94,40,4,,0,45,,95,40,4,,0,95,,96,40,4,,0,70,,97,40,4,,0,30,,98,40,4,,0,70,,66,40,4,,0,30,,67,40,4,,0,60,,68,40,4,,0,15,,69,40,4,,0,90,,70,40,4,,0,25,,71,40,4,,0,70,,72,40,4,,0,15,,73,40,4,,0,40,,74,40,4,,0,65,,75,40,4,,0,15,,77,40,4,,0,75,,78,40,4,,0,20,,79,40,4,,0,75,,80,40,4,,0,50,,81,40,4,,0,75,,82,40,4,,0,10,,83,40,4,,0,75,,84,40,4,,0,25,,85,40,4,,0,90,,86,40,4,,0,70,,88,40,4,,0,10,,89,40,4,,0,90,,90,40,4,,0,50,,91,40,4,,0,95,,92,40,4,,0
1001,'cal2-sat-sun-10',801,,99,40,4,,0,30,,100,40,4,,0,75,,111,40,4,,0,45,,120,40,4,,0,75,,121,40,4,,0,30,,122,40,4,,0,75,,123,40,4,,0,85,,124,40,4,,0,35,,125,40,4,,0,70,,126,40,4,,0,35,,101,40,4,,0,85,,102,40,4,,0,75,,103,40,4,,0,40,,104,40,4,,0,75,,105,40,4,,0,85,,106,40,4,,0,30,,107,40,4,,0,75,,108,40,4,,0,30,,109,40,4,,0,60,,110,40,4,,0,100,,112,40,4,,0,15,,113,40,4,,0,20,,114,40,4,,0,100,,115,40,4,,0,90,,116,40,4,,0,75,,117,40,4,,0,90,,118,40,4,,0,110,,119,40,4,,0
75000,'cal1-mon-tue-wed-thu-fri-9',420,,127,0,,,0,100,,128,0,,,0,15,,139,0,,,0,20,,146,0,,,0,80,,147,0,,,0,165,,148,0,,,0,100,,149,0,,,0,40,,150,0,,,0,80,,151,0,,,0,100,,152,0,,,0,90,,129,0,,,0,130,,130,0,,,0,85,,131,0,,,0,10,,132,0,,,0,70,,133,0,,,0,20,,134,0,,,0,15,,135,0,,,0,70,,136,0,,,0,20,,137,0,,,0,20,,138,0,,,0,105,,140,0,,,0,170,,141,0,,,0,185,,142,0,,,0,45,,143,0,,,0,90,,144,0,,,0,95,,145,0,,,0
75000,'cal2-sat-sun-10',550,,153,0,,,0,160,,154,0,,,0,105,,161,0,,,0,120,,162,0,,,0,105,,163,0,,,0,160,,164,0,,,0,105,,165,0,,,0,120,,166,0,,,0,80,,167,0,,,0,125,,168,0,,,0,100,,155,0,,,0,125,,156,0,,,0,100,,157,0,,,0,165,,158,0,,,0,100,,159,0,,,0,125,,160,0,,,0
75001,'cal1-mon-tue-wed-thu-fri-9',628,,169,4,4,,0,115,,170,4,4,,0,60,,181,4,4,,0,25,,190,4,4,,0,15,,191,4,4,,0,65,,192,4,4,,0,20,,193,4,4,,0,80,,194,4,4,,0,100,,195,4,4,,0,50,,196,4,4,,0,170,,171,4,4,,0,90,,172,4,4,,0,25,,173,4,4,,0,105,,174,4,4,,0,105,,175,4,4,,0,65,,176,4,4,,0,15,,177,4,4,,0,90,,178,4,4,,0,85,,179,4,4,,0,20,,180,4,4,,0,75,,182,4,4,,0,55,,183,4,4,,0,75,,184,4,4,,0,95,,185,4,4,,0,90,,186,4,4,,0,95,,187,4,4,,0,45,,188,4,4,,0,90,,189,4,4,,0
75001,'cal2-sat-sun-10',758,,197,4,4,,0,160,,198,4,4,,0,105,,205,4,4,,0,120,,206,4,4,,0,105,,207,4,4,,0,160,,208,4,4,,0,105,,209,4,4,,0,130,,210,4,4,,0,70,,211,4,4,,0,125,,212,4,4,,0,100,,199,4,4,,0,165,,200,4,4,,0,100,,201,4,4,,0,125,,202,4,4,,0,110,,203,4,4,,0,115,,204,4,4,,0
75100,'cal1-mon-tue-wed-thu-fri-9',1809,,213,5,4,,0,50,,214,5,4,,0
75101,'cal1-mon-tue-wed-thu-fri-9',610,,215,0,,,0,40,,216,0,,,0
75200,'cal1-mon-tue-wed-thu-fri-9',710,,217,0,,,0
75201,'cal1-mon-tue-wed-thu-fri-9',1639,,218,4,4,,0
75300,'cal1-mon-tue-wed-thu-fri-9',741,,219,4,4,,0,500,,220,4,4,,0
75301,'cal1-mon-tue-wed-thu-fri-9',1220,,221,0,,,0,485,,222,0,,,0,130,,223,0,,,0,170,,224,0,,,0
